40.906979 -2.305663
39.6441 -5.36512995
39.09652 -7.244945
38.315486908 -10.3326883316
37.8940391541 -11.9909629822
36.4971351624 -15.7048549652
36.0963096619 -17.6999778748
35.6810760498 -19.4956455231
33.9032211304 -25.2836837769
32.9073791504 -27.1234359741
31.483007431 -32.6853103638
30.7181510925 -36.6943244934
30.7021713257 -37.6923942566
28.3499221802 -39.9108543396
25.290933609 -44.91147995
22.2960128784 -49.5101890564
16.6851215363 -50.104801178
8.79846954346 -48.9485778809
3.15757632256 -44.9027366638
3.1077811718 -41.2968902588
4.72159814835 -37.6917037964
5.08569574356 -32.9048233032
4.69997644424 -29.0957298279
4.95041799545 -26.2969493866
5.09768342972 -21.7139453888
5.30050182343 -13.2072706223
5.50689888 -7.46040868759
4.70171880722 -1.16840457916
4.97389984131 1.14897871017
