 -3.00  -1.00000000
 -2.99  -1.00000000
 -2.98  -1.00000000
 -2.97  -1.00000000
 -2.96  -1.00000000
 -2.95  -1.00000000
 -2.94  -1.00000000
 -2.93  -1.00000000
 -2.92  -1.00000000
 -2.91  -1.00000000
 -2.90  -1.00000000
 -2.89  -1.00000000
 -2.88  -1.00000000
 -2.87  -1.00000000
 -2.86  -1.00000000
 -2.85  -1.00000000
 -2.84  -1.00000000
 -2.83  -1.00000000
 -2.82  -1.00000000
 -2.81  -1.00000000
 -2.80  -1.00000000
 -2.79  -1.00000000
 -2.78  -1.00000000
 -2.77  -1.00000000
 -2.76  -1.00000000
 -2.75  -1.00000000
 -2.74  -1.00000000
 -2.73  -1.00000000
 -2.72  -1.00000000
 -2.71  -1.00000000
 -2.70  -1.00000000
 -2.69  -1.00000000
 -2.68  -1.00000000
 -2.67  -1.00000000
 -2.66  -1.00000000
 -2.65  -1.00000000
 -2.64  -1.00000000
 -2.63  -1.00000000
 -2.62  -1.00000000
 -2.61  -1.00000000
 -2.60  -1.00000000
 -2.59  -1.00000000
 -2.58  -1.00000000
 -2.57  -1.00000000
 -2.56  -1.00000000
 -2.55  -1.00000000
 -2.54  -1.00000000
 -2.53  -1.00000000
 -2.52  -1.00000000
 -2.51  -1.00000000
 -2.50  -1.00000000
 -2.49  -1.00000000
 -2.48  -1.00000000
 -2.47  -1.00000000
 -2.46  -1.00000000
 -2.45  -1.00000000
 -2.44  -1.00000000
 -2.43  -1.00000000
 -2.42  -1.00000000
 -2.41  -1.00000000
 -2.40  -1.00000000
 -2.39  -1.00000000
 -2.38  -1.00000000
 -2.37  -1.00000000
 -2.36  -1.00000000
 -2.35  -1.00000000
 -2.34  -1.00000000
 -2.33  -1.00000000
 -2.32  -1.00000000
 -2.31  -1.00000000
 -2.30  -1.00000000
 -2.29  -1.00000000
 -2.28  -1.00000000
 -2.27  -1.00000000
 -2.26  -1.00000000
 -2.25  -1.00000000
 -2.24  -1.00000000
 -2.23  -1.00000000
 -2.22  -1.00000000
 -2.21  -1.00000000
 -2.20  -1.00000000
 -2.19  -1.00000000
 -2.18  -1.00000000
 -2.17  -1.00000000
 -2.16  -1.00000000
 -2.15  -1.00000000
 -2.14  -1.00000000
 -2.13  -1.00000000
 -2.12  -1.00000000
 -2.11  -1.00000000
 -2.10  -1.00000000
 -2.09  -1.00000000
 -2.08  -1.00000000
 -2.07  -1.00000000
 -2.06  -1.00000000
 -2.05  -1.00000000
 -2.04  -1.00000000
 -2.03  -1.00000000
 -2.02  -1.00000000
 -2.01  -1.00000000
 -2.00  -1.00000000
 -1.99  -1.00000000
 -1.98  -1.00000000
 -1.97  -1.00000000
 -1.96  -1.00000000
 -1.95  -1.00000000
 -1.94  -1.00000000
 -1.93  -1.00000000
 -1.92  -1.00000000
 -1.91  -1.00000000
 -1.90  -1.00000000
 -1.89  -1.00000000
 -1.88  -1.00000000
 -1.87  -1.00000000
 -1.86  -1.00000000
 -1.85  -1.00000000
 -1.84  -1.00000000
 -1.83  -1.00000000
 -1.82  -1.00000000
 -1.81  -1.00000000
 -1.80  -1.00000000
 -1.79  -1.00000000
 -1.78  -1.00000000
 -1.77  -1.00000000
 -1.76  -1.00000000
 -1.75  -1.00000000
 -1.74  -1.00000000
 -1.73  -1.00000000
 -1.72  -1.00000000
 -1.71  -1.00000000
 -1.70  -1.00000000
 -1.69  -1.00000000
 -1.68  -1.00000000
 -1.67  -1.00000000
 -1.66  -1.00000000
 -1.65  -1.00000000
 -1.64  -1.00000000
 -1.63  -1.00000000
 -1.62  -1.00000000
 -1.61  -1.00000000
 -1.60  -1.00000000
 -1.59  -1.00000000
 -1.58  -1.00000000
 -1.57  -1.00000000
 -1.56  -1.00000000
 -1.55  -1.00000000
 -1.54  -1.00000000
 -1.53  -1.00000000
 -1.52  -1.00000000
 -1.51  -1.00000000
 -1.50  -1.00000000
 -1.49  -1.00000000
 -1.48  -1.00000000
 -1.47  -1.00000000
 -1.46  -1.00000000
 -1.45  -1.00000000
 -1.44  -1.00000000
 -1.43  -1.00000000
 -1.42  -1.00000000
 -1.41  -1.00000000
 -1.40  -1.00000000
 -1.39  -1.00000000
 -1.38  -1.00000000
 -1.37  -1.00000000
 -1.36  -1.00000000
 -1.35  -1.00000000
 -1.34  -1.00000000
 -1.33  -1.00000000
 -1.32  -1.00000000
 -1.31  -1.00000000
 -1.30  -1.00000000
 -1.29  -1.00000000
 -1.28  -1.00000000
 -1.27  -1.00000000
 -1.26  -1.00000000
 -1.25  -1.00000000
 -1.24  -1.00000000
 -1.23  -1.00000000
 -1.22  -1.00000000
 -1.21  -1.00000000
 -1.20  -1.00000000
 -1.19  -1.00000000
 -1.18  -1.00000000
 -1.17  -1.00000000
 -1.16  -1.00000000
 -1.15  -1.00000000
 -1.14  -1.00000000
 -1.13  -1.00000000
 -1.12  -1.00000000
 -1.11  -1.00000000
 -1.10  -1.00000000
 -1.09  -1.00000000
 -1.08  -1.00000000
 -1.07  -1.00000000
 -1.06  -1.00000000
 -1.05  -1.00000000
 -1.04  -1.00000000
 -1.03  -1.00000000
 -1.02  -1.00000000
 -1.01  -1.00000000
 -1.00  -1.00000000
 -0.99  -1.00000000
 -0.98  -1.00000000
 -0.97  -1.00000000
 -0.96  -1.00000000
 -0.95  -1.00000000
 -0.94  -1.00000000
 -0.93  -1.00000000
 -0.92  -1.00000000
 -0.91  -1.00000000
 -0.90  -1.00000000
 -0.89  -1.00000000
 -0.88  -1.00000000
 -0.87  -1.00000000
 -0.86  -1.00000000
 -0.85  -1.00000000
 -0.84  -1.00000000
 -0.83  -1.00000000
 -0.82  -1.00000000
 -0.81  -1.00000000
 -0.80  -1.00000000
 -0.79  -1.00000000
 -0.78  -1.00000000
 -0.77  -1.00000000
 -0.76  -1.00000000
 -0.75  -1.00000000
 -0.74  -1.00000000
 -0.73  -1.00000000
 -0.72  -1.00000000
 -0.71  -1.00000000
 -0.70  -1.00000000
 -0.69  -1.00000000
 -0.68  -1.00000000
 -0.67  -1.00000000
 -0.66  -1.00000000
 -0.65  -1.00000000
 -0.64  -1.00000000
 -0.63  -1.00000000
 -0.62  -1.00000000
 -0.61  -1.00000000
 -0.60  -1.00000000
 -0.59  -1.00000000
 -0.58  -1.00000000
 -0.57  -1.00000000
 -0.56  -1.00000000
 -0.55  -1.00000000
 -0.54  -1.00000000
 -0.53  -1.00000000
 -0.52  -1.00000000
 -0.51  -1.00000000
 -0.50  -1.00000000
 -0.49  -1.00000000
 -0.48  -1.00000000
 -0.47  -1.00000000
 -0.46  -1.00000000
 -0.45  -1.00000000
 -0.44  -1.00000000
 -0.43  -1.00000000
 -0.42  -1.00000000
 -0.41  -1.00000000
 -0.40  -1.00000000
 -0.39  -1.00000000
 -0.38  -1.00000000
 -0.37  -1.00000000
 -0.36  -1.00000000
 -0.35  -1.00000000
 -0.34  -1.00000000
 -0.33  -1.00000000
 -0.32  -1.00000000
 -0.31  -1.00000000
 -0.30  -1.00000000
 -0.29  -1.00000000
 -0.28  -1.00000000
 -0.27  -1.00000000
 -0.26  -1.00000000
 -0.25  -1.00000000
 -0.24  -1.00000000
 -0.23  -1.00000000
 -0.22  -1.00000000
 -0.21  -1.00000000
 -0.20  -1.00000000
 -0.19  -0.99512500
 -0.18  -0.98100000
 -0.17  -0.95837500
 -0.16  -0.92800000
 -0.15  -0.89062500
 -0.14  -0.84700000
 -0.13  -0.79787500
 -0.12  -0.74400000
 -0.11  -0.68612500
 -0.10  -0.62500000
 -0.09  -0.56137500
 -0.08  -0.49600000
 -0.07  -0.42962500
 -0.06  -0.36300000
 -0.05  -0.29687500
 -0.04  -0.23200000
 -0.03  -0.16912500
 -0.02  -0.10900000
 -0.01  -0.05237500
  0.00   0.00000000
  0.01   0.05237500
  0.02   0.10900000
  0.03   0.16912500
  0.04   0.23200000
  0.05   0.29687500
  0.06   0.36300000
  0.07   0.42962500
  0.08   0.49600000
  0.09   0.56137500
  0.10   0.62500000
  0.11   0.68612500
  0.12   0.74400000
  0.13   0.79787500
  0.14   0.84700000
  0.15   0.89062500
  0.16   0.92800000
  0.17   0.95837500
  0.18   0.98100000
  0.19   0.99512500
  0.20   1.00000000
  0.21   1.00000000
  0.22   1.00000000
  0.23   1.00000000
  0.24   1.00000000
  0.25   1.00000000
  0.26   1.00000000
  0.27   1.00000000
  0.28   1.00000000
  0.29   1.00000000
  0.30   1.00000000
  0.31   1.00000000
  0.32   1.00000000
  0.33   1.00000000
  0.34   1.00000000
  0.35   1.00000000
  0.36   1.00000000
  0.37   1.00000000
  0.38   1.00000000
  0.39   1.00000000
  0.40   1.00000000
  0.41   1.00000000
  0.42   1.00000000
  0.43   1.00000000
  0.44   1.00000000
  0.45   1.00000000
  0.46   1.00000000
  0.47   1.00000000
  0.48   1.00000000
  0.49   1.00000000
  0.50   1.00000000
  0.51   1.00000000
  0.52   1.00000000
  0.53   1.00000000
  0.54   1.00000000
  0.55   1.00000000
  0.56   1.00000000
  0.57   1.00000000
  0.58   1.00000000
  0.59   1.00000000
  0.60   1.00000000
  0.61   1.00000000
  0.62   1.00000000
  0.63   1.00000000
  0.64   1.00000000
  0.65   1.00000000
  0.66   1.00000000
  0.67   1.00000000
  0.68   1.00000000
  0.69   1.00000000
  0.70   1.00000000
  0.71   1.00000000
  0.72   1.00000000
  0.73   1.00000000
  0.74   1.00000000
  0.75   1.00000000
  0.76   1.00000000
  0.77   1.00000000
  0.78   1.00000000
  0.79   1.00000000
  0.80   1.00000000
  0.81   1.00000000
  0.82   1.00000000
  0.83   1.00000000
  0.84   1.00000000
  0.85   1.00000000
  0.86   1.00000000
  0.87   1.00000000
  0.88   1.00000000
  0.89   1.00000000
  0.90   1.00000000
  0.91   1.00000000
  0.92   1.00000000
  0.93   1.00000000
  0.94   1.00000000
  0.95   1.00000000
  0.96   1.00000000
  0.97   1.00000000
  0.98   1.00000000
  0.99   1.00000000
  1.00   1.00000000
  1.01   1.00000000
  1.02   1.00000000
  1.03   1.00000000
  1.04   1.00000000
  1.05   1.00000000
  1.06   1.00000000
  1.07   1.00000000
  1.08   1.00000000
  1.09   1.00000000
  1.10   1.00000000
  1.11   1.00000000
  1.12   1.00000000
  1.13   1.00000000
  1.14   1.00000000
  1.15   1.00000000
  1.16   1.00000000
  1.17   1.00000000
  1.18   1.00000000
  1.19   1.00000000
  1.20   1.00000000
  1.21   1.00000000
  1.22   1.00000000
  1.23   1.00000000
  1.24   1.00000000
  1.25   1.00000000
  1.26   1.00000000
  1.27   1.00000000
  1.28   1.00000000
  1.29   1.00000000
  1.30   1.00000000
  1.31   1.00000000
  1.32   1.00000000
  1.33   1.00000000
  1.34   1.00000000
  1.35   1.00000000
  1.36   1.00000000
  1.37   1.00000000
  1.38   1.00000000
  1.39   1.00000000
  1.40   1.00000000
  1.41   1.00000000
  1.42   1.00000000
  1.43   1.00000000
  1.44   1.00000000
  1.45   1.00000000
  1.46   1.00000000
  1.47   1.00000000
  1.48   1.00000000
  1.49   1.00000000
  1.50   1.00000000
  1.51   1.00000000
  1.52   1.00000000
  1.53   1.00000000
  1.54   1.00000000
  1.55   1.00000000
  1.56   1.00000000
  1.57   1.00000000
  1.58   1.00000000
  1.59   1.00000000
  1.60   1.00000000
  1.61   1.00000000
  1.62   1.00000000
  1.63   1.00000000
  1.64   1.00000000
  1.65   1.00000000
  1.66   1.00000000
  1.67   1.00000000
  1.68   1.00000000
  1.69   1.00000000
  1.70   1.00000000
  1.71   1.00000000
  1.72   1.00000000
  1.73   1.00000000
  1.74   1.00000000
  1.75   1.00000000
  1.76   1.00000000
  1.77   1.00000000
  1.78   1.00000000
  1.79   1.00000000
  1.80   1.00000000
  1.81   1.00000000
  1.82   1.00000000
  1.83   1.00000000
  1.84   1.00000000
  1.85   1.00000000
  1.86   1.00000000
  1.87   1.00000000
  1.88   1.00000000
  1.89   1.00000000
  1.90   1.00000000
  1.91   1.00000000
  1.92   1.00000000
  1.93   1.00000000
  1.94   1.00000000
  1.95   1.00000000
  1.96   1.00000000
  1.97   1.00000000
  1.98   1.00000000
  1.99   1.00000000
  2.00   1.00000000
  2.01   1.00000000
  2.02   1.00000000
  2.03   1.00000000
  2.04   1.00000000
  2.05   1.00000000
  2.06   1.00000000
  2.07   1.00000000
  2.08   1.00000000
  2.09   1.00000000
  2.10   1.00000000
  2.11   1.00000000
  2.12   1.00000000
  2.13   1.00000000
  2.14   1.00000000
  2.15   1.00000000
  2.16   1.00000000
  2.17   1.00000000
  2.18   1.00000000
  2.19   1.00000000
  2.20   1.00000000
  2.21   1.00000000
  2.22   1.00000000
  2.23   1.00000000
  2.24   1.00000000
  2.25   1.00000000
  2.26   1.00000000
  2.27   1.00000000
  2.28   1.00000000
  2.29   1.00000000
  2.30   1.00000000
  2.31   1.00000000
  2.32   1.00000000
  2.33   1.00000000
  2.34   1.00000000
  2.35   1.00000000
  2.36   1.00000000
  2.37   1.00000000
  2.38   1.00000000
  2.39   1.00000000
  2.40   1.00000000
  2.41   1.00000000
  2.42   1.00000000
  2.43   1.00000000
  2.44   1.00000000
  2.45   1.00000000
  2.46   1.00000000
  2.47   1.00000000
  2.48   1.00000000
  2.49   1.00000000
  2.50   1.00000000
  2.51   1.00000000
  2.52   1.00000000
  2.53   1.00000000
  2.54   1.00000000
  2.55   1.00000000
  2.56   1.00000000
  2.57   1.00000000
  2.58   1.00000000
  2.59   1.00000000
  2.60   1.00000000
  2.61   1.00000000
  2.62   1.00000000
  2.63   1.00000000
  2.64   1.00000000
  2.65   1.00000000
  2.66   1.00000000
  2.67   1.00000000
  2.68   1.00000000
  2.69   1.00000000
  2.70   1.00000000
  2.71   1.00000000
  2.72   1.00000000
  2.73   1.00000000
  2.74   1.00000000
  2.75   1.00000000
  2.76   1.00000000
  2.77   1.00000000
  2.78   1.00000000
  2.79   1.00000000
  2.80   1.00000000
  2.81   1.00000000
  2.82   1.00000000
  2.83   1.00000000
  2.84   1.00000000
  2.85   1.00000000
  2.86   1.00000000
  2.87   1.00000000
  2.88   1.00000000
  2.89   1.00000000
  2.90   1.00000000
  2.91   1.00000000
  2.92   1.00000000
  2.93   1.00000000
  2.94   1.00000000
  2.95   1.00000000
  2.96   1.00000000
  2.97   1.00000000
  2.98   1.00000000
  2.99   1.00000000
  3.00   1.00000000
